0,0
0,0
2,0
3,0
4,0
6,3
8,3
10,8
13,18
16,43
19,69
22,104
25,146
29,213
32,267
36,353
39,428
43,535
46,622
50,745
53,844
57,981
60,1089
64,1240
68,1401
72,1575
76,1753
80,1943
84,2143
88,2344
92,2556
96,2773
100,2999
105,3291
109,3531
114,3839
118,4090
122,4348
127,4678
131,4942
136,5272
140,5534
144,5796
148,6045
152,6267
157,6535
161,6706
166,6911
170,7057
175,7201
179,7320
184,7445
188,7521
192,7593
197,7653
201,7673
205,7697
210,7700
214,7692
218,7665
223,7617
227,7564
232,7471
236,7380
240,7282
245,7143
249,7025
254,6864
258,6725
263,6541
267,6383
272,6181
276,6008
281,5789
285,5616
290,5418
294,5266
299,5095
303,4972
307,4865
312,4753
316,4674
321,4581
325,4528
330,4477
334,4459
338,4453
343,4474
347,4503
352,4552
356,4612
361,4704
365,4795
370,4927
374,5044
378,5166
383,5324
387,5453
392,5614
396,5742
401,5889
405,5988
410,6098
414,6173
419,6250
423,6297
428,6335
432,6351
436,6351
440,6336
445,6297
449,6254
453,6202
458,6129
462,6064
467,5970
471,5894
476,5800
480,5724
485,5631
489,5556
493,5481
498,5395
502,5344
507,5285
511,5251
516,5224
520,5214
524,5213
528,5222
532,5237
536,5259
540,5287
545,5333
549,5370
554,5425
557,5459
562,5514
566,5558
571,5613
575,5657
580,5711
584,5754
588,5786
593,5817
597,5836
602,5854
606,5861
610,5863
614,5860
618,5853
623,5837
627,5822
631,5804
636,5780
640,5757
645,5728
649,5704
654,5675
658,5652
662,5623
667,5600
671,5577
676,5558
680,5549
685,5539
689,5536
692,5535
696,5536
699,5538
704,5544
708,5550
713,5560
717,5569
722,5583
726,5595
731,5611
735,5623
739,5636
744,5651
748,5664
753,5679
757,5686
761,5689
765,5692
769,5694
773,5693
777,5691
780,5690
784,5688
788,5684
792,5680
796,5676
801,5671
805,5666
810,5660
813,5656
818,5651
822,5646
827,5640
831,5636
835,5635
838,5636
842,5638
846,5639
849,5640
853,5641
856,5642
860,5643
863,5644
867,5645
871,5646
874,5647
877,5647
881,5648
885,5648
888,5649
892,5649
895,5649
899,5649
902,5649
905,5650
909,5650
912,5650
916,5650
920,5649
923,5649
927,5649
930,5649
934,5649
937,5648
941,5648
944,5648
948,5647
951,5647
954,5647
958,5647
961,5646
965,5646
968,5646
971,5646
975,5645
978,5645
982,5645
985,5645
988,5645
991,5645
994,5645
997,5645
1001,5644
1004,5644
1008,5644
1011,5644
1015,5644
1019,5644
1022,5644
1026,5645
1030,5645
1034,5645
1037,5645
1041,5645
1045,5645
1049,5645
1052,5645
1056,5645
1060,5645
1063,5645
1067,5645
1071,5645
1074,5645
1078,5645
1081,5645
1085,5645
1089,5645
1092,5645
1096,5645
1100,5645
1103,5645
1106,5645
1110,5645
1114,5645
1118,5645
1121,5645
1125,5645
1129,5645
1132,5645
1136,5645
1140,5645
1143,5645
1147,5645
1150,5645
1154,5645
1158,5645
1161,5645
1165,5645
1169,5645
1172,5645
1175,5645
1179,5645
1183,5645
1187,5645
1190,5645
1194,5645
1198,5645
1201,5645
1205,5645
1209,5645
1212,5645
1216,5645
1219,5645
1223,5645
1227,5645
1230,5645
1234,5645
1238,5645
1241,5645
1244,5645
1248,5645
1252,5645
1256,5645
1259,5645
1263,5645
1267,5645
1270,5645
1274,5645
1278,5645
1281,5645
1285,5645
1288,5645
1292,5645
1296,5645
1299,5645
1303,5645
1307,5645
1310,5645
1313,5645
1317,5645
1321,5645
1325,5645
1328,5645
1332,5645
1336,5645
1339,5645
1343,5645
1347,5645
1350,5645
1354,5645
1357,5645
1361,5645
1365,5645
1368,5645
1372,5645
1376,5645
1379,5645
1382,5645
1386,5645
1390,5645
1394,5645
1397,5645
1401,5645
1405,5645
1408,5645
1412,5645
1416,5645
1419,5645
1423,5645
1426,5645
1430,5645
1434,5645
1437,5645
1441,5645
1445,5645
1448,5645
1451,5645
1455,5645
1459,5645
1463,5645
1466,5645
1470,5645
1474,5645
1477,5645
1481,5645
1485,5645
1488,5645
1492,5645
1495,5645
1499,5645
1503,5645
1506,5645
1510,5645
1514,5645
1517,5645
1520,5645
1524,5645
1528,5645
1532,5645
1535,5645
1539,5645
1543,5645
1546,5645
1550,5645
1554,5645
1557,5645
1561,5645
1564,5645
1568,5645
1572,5645
1575,5645
1579,5645
1583,5645
1586,5645
1589,5645
1593,5645
1597,5645
1601,5645
1604,5645
1608,5645
1612,5645
1615,5645
1619,5645
1623,5645
1626,5645
1630,5645
1633,5645
1637,5645
1641,5645
1644,5645
1648,5645
1652,5645
1655,5645
1658,5645
1662,5645
1666,5645
1670,5645
1673,5645
1677,5645
1681,5645
1684,5645
1688,5645
1692,5645
1695,5645
1699,5645
1702,5645
1706,5645
1710,5645
1713,5645
1717,5645
1721,5645
1724,5645
1727,5645
1731,5645
1735,5645
1739,5645
1742,5645
1746,5645
1750,5645
1753,5645
1757,5645
1761,5645
1764,5645
1768,5645
1771,5645
1775,5645
1779,5645
1782,5645
1786,5645
1790,5645
1793,5645
1796,5645
1800,5645
1804,5645
1808,5645
1811,5645
1815,5645
1819,5645
1822,5645
1826,5645
1830,5645
1833,5645
1837,5645
1840,5645
1844,5645
1848,5645
1851,5645
1855,5645
1859,5645
1862,5645
1865,5645
1869,5645
1873,5645
1877,5645
1880,5645
1884,5645
1888,5645
1891,5645
1895,5645
1899,5645
1902,5645
1906,5645
1909,5645
1913,5645
1917,5645
1920,5645
1924,5645
1928,5645
1931,5645
1934,5645
1938,5645
1942,5645
1946,5645
1949,5645
1953,5645
1957,5645
1960,5645
1964,5645
1968,5645
1971,5645
1975,5645
1978,5645
1982,5645
1986,5645
1989,5645
1993,5645
1997,5645
2000,5645
2003,5645
2007,5645
2011,5645
2015,5645
2018,5645
2022,5645
2026,5645
2029,5645
2033,5645
2037,5645
2040,5645
2044,5645
2047,5645
2051,5645
2055,5645
2058,5645
2062,5645
2066,5645
2069,5645
2072,5645
2076,5645
2080,5645
2084,5645
2087,5645
2091,5645
2095,5645
2098,5645
2102,5645
2106,5645
2109,5645
2113,5645
2116,5645
2120,5645
2124,5645
2127,5645
2131,5645
2135,5645
2138,5645
2141,5645
2145,5645
2149,5645
2153,5645
2156,5645
2160,5645
2164,5645
2167,5645
2171,5645
2175,5645
2178,5645
2182,5645
2185,5645
2189,5645
2193,5645
2196,5645
2200,5645
2204,5645
2207,5645
2210,5645
2214,5645
2218,5645
2222,5645
2225,5645
2229,5645
2233,5645
2236,5645
2240,5645
2244,5645
2247,5645
2251,5645
2254,5645
2258,5645
2262,5645
2265,5645
2269,5645
2273,5645
2276,5645
2279,5645
2283,5645
2287,5645
2291,5645
2294,5645
2298,5645
2302,5645
2305,5645
2309,5645
2313,5645
2316,5645
2320,5645
2323,5645
2327,5645
2331,5645
2334,5645
2338,5645
2342,5645
2345,5645
2348,5645
2352,5645
2356,5645
2360,5645
2363,5645
2367,5645
2371,5645
2374,5645
2378,5645
2382,5645
2385,5645
2389,5645
2392,5645
2396,5645
2400,5645
2403,5645
2407,5645
2411,5645
2414,5645
2417,5645
2421,5645
2425,5645
2429,5645
2432,5645
2436,5645
2440,5645
2443,5645
2447,5645
2451,5645
2454,5645
2458,5645
2461,5645
2465,5645
2469,5645
2472,5645
2476,5645
2480,5645
2483,5645
2486,5645
2490,5645
2494,5645
2498,5645
2501,5645
2505,5645
2509,5645
2512,5645
2516,5645
2520,5645
2523,5645
2527,5645
2530,5645
2534,5645
2538,5645
2541,5645
2545,5645
2549,5645
2552,5645
2555,5645
2559,5645
2563,5645
2567,5645
2570,5645
2574,5645
2578,5645
2581,5645
2585,5645
2589,5645
2592,5645
2596,5645
2599,5645
2603,5645
2607,5645
2610,5645
2614,5645
2618,5645
2621,5645
2624,5645
2628,5645
2632,5645
2636,5645
2639,5645
2643,5645
2647,5645
2650,5645
2654,5645
2658,5645
2661,5645
2665,5645
2668,5645
2672,5645
2676,5645
2679,5645
2683,5645
2687,5645
2690,5645
2693,5645
2697,5645
2701,5645
2705,5645
2708,5645
2712,5645
2716,5645
2719,5645
2723,5645
2727,5645
2730,5645
2734,5645
2737,5645
2741,5645
2745,5645
2748,5645
2752,5645
2756,5645
2759,5645
2762,5645
2766,5645
2770,5645
2774,5645
2777,5645
2781,5645
2785,5645
2788,5645
2792,5645
2796,5645
2799,5645
2803,5645
2806,5645
2810,5645
2814,5645
2817,5645
2821,5645
2825,5645
2828,5645
2831,5645
2835,5645
2839,5645
2843,5645
2846,5645
2850,5645
2854,5645
2857,5645
2861,5645
2865,5645
2868,5645
2872,5645
2875,5645
2879,5645
2883,5645
2886,5645
2890,5645
2894,5645
2897,5645
2900,5645
2904,5645
2908,5645
2912,5645
2915,5645
2919,5645
2923,5645
2926,5645
2930,5645
2934,5645
2937,5645
2941,5645
2944,5645
2948,5645
2952,5645
2955,5645
2959,5645
2963,5645
2966,5645
2969,5645
2973,5645
2977,5645
2981,5645
2984,5645
2988,5645
2992,5645
2995,5645
2999,5645
3003,5645
3006,5645
3010,5645
3013,5645
3017,5645
3021,5645
3024,5645
3028,5645
3032,5645
3035,5645
3038,5645
3042,5645
3046,5645
3050,5645
3053,5645
3057,5645
3061,5645
3064,5645
3068,5645
3072,5645
3075,5645
3079,5645
3082,5645
3086,5645
3090,5645
3093,5645
3097,5645
3101,5645
3104,5645
3107,5645
3111,5645
3115,5645
3119,5645
3122,5645
3126,5645
3130,5645
3133,5645
3137,5645
3141,5645
3144,5645
3148,5645
3151,5645
3155,5645
3159,5645
3162,5645
3166,5645
3170,5645
3173,5645
3176,5645
3180,5645
3184,5645
3188,5645
3191,5645
3195,5645
3199,5645
3202,5645
3206,5645
3210,5645
3213,5645
3217,5645
3220,5645
3224,5645
3228,5645
3231,5645
3235,5645
3239,5645
3242,5645
3245,5645
3249,5645
3253,5645
3257,5645
3260,5645
3264,5645
3268,5645
3271,5645
3275,5645
3279,5645
3282,5645
3286,5645
3289,5645
3293,5645
3297,5645
3300,5645
3304,5645
3308,5645
3311,5645
3314,5645
3318,5645
3322,5645
3326,5645
3329,5645
3333,5645
3337,5645
3340,5645
3344,5645
3348,5645
3351,5645
3355,5645
3358,5645
3362,5645
3366,5645
3369,5645
3373,5645
3377,5645
3380,5645
3383,5645
3387,5645
3391,5645
3395,5645
3398,5645
3402,5645
3406,5645
3409,5645
3413,5645
3417,5645
3420,5645
3424,5645
3427,5645
3431,5645
3435,5645
3438,5645
3442,5645
3446,5645
3449,5645
3452,5645
3456,5645
3460,5645
3464,5645
3467,5645
3471,5645
3475,5645
3478,5645
3482,5645
3486,5645
3489,5645
3493,5645
3496,5645
3500,5645
3504,5645
3507,5645
3511,5645
3515,5645
3518,5645
3521,5645
3525,5645
3529,5645
3533,5645
3536,5645
3540,5645
3544,5645
3547,5645
3551,5645
3555,5645
3558,5645
3562,5645
3565,5645
3569,5645
3573,5645
3576,5645
3580,5645
3584,5645
3587,5645
3590,5645
3594,5645
3598,5645
3602,5645
3605,5645
3609,5645
3613,5645
3616,5645
3620,5645
3624,5645
3627,5645
3631,5645
3634,5645
3638,5645
3642,5645
3645,5645
3649,5645
3653,5645
3656,5645
3659,5645
3663,5645
3667,5645
3671,5645
3674,5645
3678,5645
3682,5645
3685,5645
3689,5645
3693,5645
3696,5645
3700,5645
3703,5645
3707,5645
3711,5645
3714,5645
3718,5645
3722,5645
3725,5645
3728,5645
3732,5645
3736,5645
3740,5645
3743,5645
3747,5645
3751,5645
3754,5645
3758,5645
3762,5645
3765,5645
3769,5645
3772,5645
3776,5645
3780,5645
3783,5645
3787,5645
3791,5645
3794,5645
3797,5645
3801,5645
3805,5645
3809,5645
3812,5645
3816,5645
3820,5645
3823,5645
3827,5645
3831,5645
3834,5645
3838,5645
3841,5645
3845,5645
3849,5645
3852,5645
3856,5645
3860,5645
3863,5645
3866,5645
3870,5645
3874,5645
3878,5645
3881,5645
3885,5645
3889,5645
3892,5645
3896,5645
3900,5645
3903,5645
3907,5645
3910,5645
3914,5645
3918,5645
3921,5645
3925,5645
3929,5645
3932,5645
3935,5645
3939,5645
3943,5645
3947,5645
3950,5645
3954,5645
3958,5645
3961,5645
3965,5645
3969,5645
3972,5645
3976,5645
3979,5645
3983,5645
3987,5645
3990,5645
3994,5645
3998,5645
4001,5645
4004,5645
4008,5645
4012,5645
4016,5645
4019,5645
4023,5645
4027,5645
4030,5645
4034,5645
4038,5645
4041,5645
4045,5645
4048,5645
4052,5645
4056,5645
4059,5645
4063,5645
4067,5645
4070,5645
4073,5645
4077,5645
4081,5645
4085,5645
4088,5645
4092,5645
4096,5645
4099,5645
4103,5645
4107,5645
4110,5645
4114,5645
4117,5645
4121,5645
4125,5645
4128,5645
4132,5645
4136,5645
4139,5645
4142,5645
4146,5645
4150,5645
4154,5645
4157,5645
4161,5645
4165,5645
4168,5645
4172,5645
4176,5645
4179,5645
4183,5645
4186,5645
4190,5645
4194,5645
4197,5645
4201,5645
4205,5645
4208,5645
4211,5645
4215,5645
4219,5645
4223,5645
4226,5645
4230,5645
4234,5645
4237,5645
4241,5645
4245,5645
4248,5645
4252,5645
4255,5645
4259,5645
4263,5645
4266,5645
4270,5645
4274,5645
4277,5645
4280,5645
4284,5645
4288,5645
4292,5645
4295,5645
4299,5645
4303,5645
4306,5645
4310,5645
4314,5645
4317,5645
4321,5645
4324,5645
4328,5645
4332,5645
4335,5645
4339,5645
4343,5645
4346,5645
4349,5645
4353,5645
4357,5645
4361,5645
4364,5645
4368,5645
4372,5645
4375,5645
4379,5645
4383,5645
4386,5645
4390,5645
4393,5645
4397,5645
4401,5645
4404,5645
4408,5645
4412,5645
4415,5645
4418,5645
4422,5645
4426,5645
4430,5645
4433,5645
4437,5645
4441,5645
4444,5645
4448,5645
4452,5645
4455,5645
4459,5645
4462,5645
4466,5645
4470,5645
4473,5645
4477,5645
4481,5645
4484,5645
4487,5645
4491,5645
4495,5645
4499,5645
4502,5645
4506,5645
4510,5645
4513,5645
4517,5645
4521,5645
4524,5645
4528,5645
4531,5645
4535,5645
4539,5645
4542,5645
4546,5645
4550,5645
4553,5645
4556,5645
4560,5645
4564,5645
4568,5645
4571,5645
4575,5645
4579,5645
4582,5645
4586,5645
4590,5645
4593,5645
4597,5645
4600,5645
4604,5645
4608,5645
4611,5645
4615,5645
4619,5645
4622,5645
4625,5645
4629,5645
4633,5645
4637,5645
4640,5645
4644,5645
4648,5645
4651,5645
4655,5645
4659,5645
4662,5645
4666,5645
4669,5645
4673,5645
4677,5645
4680,5645
4684,5645
4688,5645
4691,5645
4694,5645
4698,5645
4702,5645
4706,5645
4709,5645
4713,5645
4717,5645
4720,5645
4724,5645
4728,5645
4731,5645
4735,5645
4738,5645
4742,5645
4746,5645
4749,5645
4753,5645
4757,5645
4760,5645
4763,5645
4767,5645
4771,5645
4775,5645
4778,5645
4782,5645
4786,5645
4789,5645
4793,5645
4797,5645
4800,5645
4804,5645
4807,5645
4811,5645
4815,5645
4818,5645
4822,5645
4826,5645
4829,5645
4832,5645
4836,5645
4840,5645
4844,5645
4847,5645
4851,5645
4855,5645
4858,5645
4862,5645
4866,5645
4869,5645
4873,5645
4876,5645
4880,5645
4884,5645
4887,5645
4891,5645
4895,5645
4898,5645
4901,5645
4905,5645
4909,5645
4913,5645
4916,5645
4920,5645
4924,5645
4927,5645
4931,5645
4935,5645
4938,5645
4942,5645
4945,5645
4949,5645
4953,5645
4956,5645
4960,5645
4964,5645
4967,5645
4970,5645
4974,5645
4978,5645
4982,5645
4985,5645
4989,5645
4993,5645
4996,5645
5000,5645
5004,5645
5007,5645
5011,5645
5014,5645
5018,5645
5022,5645
5025,5645
5029,5645
5033,5645
5036,5645
5039,5645
5043,5645
5047,5645
5051,5645
5054,5645
5058,5645
5062,5645
5065,5645
5069,5645
5073,5645
5076,5645
5080,5645
5083,5645
5087,5645
5091,5645
5094,5645
5098,5645
5102,5645
5105,5645
5108,5645
5112,5645
5116,5645
5120,5645
5123,5645
5127,5645
5131,5645
5134,5645
5138,5645
5142,5645
5145,5645
5149,5645
5152,5645
5156,5645
5160,5645
5163,5645
5167,5645
5171,5645
5174,5645
5177,5645
5181,5645
5185,5645
5189,5645
5192,5645
5196,5645
5200,5645
5203,5645
5207,5645
5211,5645
5214,5645
5218,5645
5221,5645
5225,5645
5229,5645
5232,5645
5236,5645
5240,5645
5243,5645
5246,5645
5250,5645
5254,5645
5258,5645
5261,5645
5265,5645
5269,5645
5272,5645
5276,5645
5280,5645
5283,5645
5287,5645
5290,5645
5294,5645
5298,5645
5301,5645
5305,5645
5309,5645
5312,5645
5315,5645
5319,5645
5323,5645
5327,5645
5330,5645
5334,5645
5338,5645
5341,5645
5345,5645
5349,5645
5352,5645
5356,5645
5359,5645
5363,5645
5367,5645
5370,5645
5374,5645
5378,5645
5381,5645
5384,5645
5388,5645
5392,5645
5396,5645
5399,5645
5403,5645
5407,5645
5410,5645
5414,5645
5418,5645
5421,5645
5425,5645
5428,5645
5432,5645
5436,5645
5439,5645
5443,5645
5447,5645
5450,5645
5453,5645
5457,5645
5461,5645
5465,5645
5468,5645
5472,5645
5476,5645
5479,5645
5483,5645
5487,5645
5490,5645
5494,5645
5497,5645
5501,5645
5505,5645
5508,5645
5512,5645
5516,5645
5519,5645
5522,5645
5526,5645
5530,5645
5534,5645
5537,5645
5541,5645
5545,5645
5548,5645
5552,5645
5556,5645
5559,5645
5563,5645
5566,5645
5570,5645
5574,5645
5577,5645
5581,5645
5585,5645
5588,5645
5591,5645
5595,5645
5599,5645
5603,5645
5606,5645
5610,5645
5614,5645
5617,5645
5621,5645
5625,5645
5628,5645
5632,5645
5635,5645
5639,5645
5643,5645
5646,5645
5650,5645
5654,5645
5657,5645
5660,5645
5664,5645
5668,5645
5672,5645
5675,5645
5679,5645
5683,5645
5686,5645
5690,5645
5694,5645
5697,5645
5701,5645
5704,5645
5708,5645
5712,5645
5715,5645
5719,5645
5723,5645
5726,5645
5729,5645
5733,5645
5737,5645
5741,5645
5744,5645
5748,5645
5752,5645
5755,5645
5759,5645
5763,5645
5766,5645
5770,5645
5773,5645
5777,5645
5781,5645
5784,5645
5788,5645
5792,5645
5795,5645
5798,5645
5802,5645
5806,5645
5810,5645
5813,5645
5817,5645
5821,5645
5824,5645
5828,5645
5832,5645
5835,5645
5839,5645
5842,5645
5846,5645
5850,5645
5853,5645
5857,5645
5861,5645
5864,5645
5867,5645
5871,5645
5875,5645
5879,5645
5882,5645
5886,5645
5890,5645
5893,5645
5897,5645
5901,5645
5904,5645
5908,5645
5911,5645
5915,5645
5919,5645
5922,5645
5926,5645
5930,5645
5933,5645
5936,5645
5940,5645
5944,5645
5948,5645
5951,5645
5955,5645
5959,5645
5962,5645
5966,5645
5970,5645
5973,5645
5977,5645
5980,5645
5984,5645
5988,5645
5991,5645
5995,5645
5999,5645
6002,5645
6005,5645
6009,5645
6013,5645
6017,5645
6020,5645
6024,5645
6028,5645
6031,5645
6035,5645
6039,5645
6042,5645
6046,5645
6049,5645
6053,5645
6057,5645
6060,5645
6064,5645
6068,5645
6071,5645
6074,5645
6078,5645
6082,5645
6086,5645
6089,5645
6093,5645
6097,5645
6100,5645
6104,5645
6108,5645
6111,5645
6115,5645
6118,5645
6122,5645
6126,5645
6129,5645
6133,5645
6137,5645
6140,5645
6143,5645
6147,5645
6151,5645
6155,5645
6158,5645
6162,5645
6166,5645
6169,5645
6173,5645
6177,5645
6180,5645
6184,5645
6187,5645
6191,5645
6195,5645
6198,5645
6202,5645
6206,5645
6209,5645
6212,5645
6216,5645
6220,5645
6224,5645
6227,5645
6231,5645
6235,5645
6238,5645
6242,5645
6246,5645
6249,5645
6253,5645
6256,5645
6260,5645
6264,5645
6267,5645
6271,5645
6275,5645
6278,5645
6281,5645
6285,5645
6289,5645
6293,5645
6296,5645
6300,5645
6304,5645
6307,5645
6311,5645
6315,5645
6318,5645
6322,5645
6325,5645
6329,5645
6333,5645
6336,5645
6340,5645
6344,5645
6347,5645
6350,5645
6354,5645
6358,5645
6362,5645
6365,5645
6369,5645
6373,5645
6376,5645
6380,5645
6384,5645
6387,5645
6391,5645
6394,5645
6398,5645
6402,5645
6405,5645
6409,5645
6413,5645
6416,5645
6419,5645
6423,5645
6427,5645
6431,5645
6434,5645
6438,5645
6442,5645
6445,5645
6449,5645
6453,5645
6456,5645
6460,5645
6463,5645
6467,5645
6471,5645
6474,5645
6478,5645
6482,5645
6485,5645
6488,5645
6492,5645
6496,5645
6500,5645
6503,5645
6507,5645
6511,5645
6514,5645
6518,5645
6522,5645
6525,5645
6529,5645
6532,5645
6536,5645
6540,5645
6543,5645
6547,5645
6551,5645
6554,5645
6557,5645
6561,5645
6565,5645
6569,5645
6572,5645
6576,5645
6580,5645
6583,5645
6587,5645
6591,5645
6594,5645
6598,5645
6601,5645
6605,5645
6609,5645
6612,5645
6616,5645
6620,5645
6623,5645
6626,5645
6630,5645
6634,5645
6638,5645
6641,5645
6645,5645
6649,5645
6652,5645
6656,5645
6660,5645
6663,5645
6667,5645
6670,5645
6674,5645
6678,5645
6681,5645
6685,5645
6689,5645
6692,5645
6695,5645
6699,5645
6703,5645
6707,5645
6710,5645
6714,5645
6718,5645
6721,5645
6725,5645
6729,5645
6732,5645
6736,5645
6739,5645
6743,5645
6747,5645
6750,5645
6754,5645
6758,5645
6761,5645
6764,5645
6768,5645
6772,5645
6776,5645
6779,5645
6783,5645
6787,5645
6790,5645
6794,5645
6798,5645
6801,5645
6805,5645
6808,5645
6812,5645
6816,5645
6819,5645
6823,5645
6827,5645
6830,5645
6833,5645
6837,5645
6841,5645
6845,5645
6848,5645
6852,5645
6856,5645
6859,5645
6863,5645
6867,5645
6870,5645
6874,5645
6877,5645
6881,5645
6885,5645
6888,5645
6892,5645
6896,5645
6899,5645
6902,5645
6906,5645
6910,5645
6914,5645
6917,5645
6921,5645
6925,5645
6928,5645
6932,5645
6936,5645
6939,5645
6943,5645
6946,5645
6950,5645
6954,5645
6957,5645
6961,5645
6965,5645
6968,5645
6971,5645
6975,5645
6979,5645
6983,5645
6986,5645
6990,5645
6994,5645
6997,5645
7001,5645
7005,5645
7008,5645
7012,5645
7015,5645
7019,5645
7023,5645
7026,5645
7030,5645
7034,5645
7037,5645
7040,5645
7044,5645
7048,5645
7052,5645
7055,5645
7059,5645
7063,5645
7066,5645
7070,5645
7074,5645
7077,5645
7081,5645
7084,5645
7088,5645
7092,5645
7095,5645
7099,5645
7103,5645
7106,5645
7109,5645
7113,5645
7117,5645
7121,5645
7124,5645
7128,5645
7132,5645
7135,5645
7139,5645
7143,5645
7146,5645
7150,5645
7153,5645
7157,5645
7161,5645
7164,5645
7168,5645
7172,5645
7175,5645
7178,5645
7182,5645
7186,5645
7190,5645
7193,5645
7197,5645
7201,5645
7204,5645
7208,5645
7212,5645
7215,5645
7219,5645
7222,5645
7226,5645
7230,5645
7233,5645
7237,5645
7241,5645
7244,5645
7247,5645
7251,5645
7255,5645
7259,5645
7262,5645
7266,5645
7270,5645
7273,5645
7277,5645
7281,5645
7284,5645
7288,5645
7291,5645
7295,5645
7299,5645
7302,5645
7306,5645
7310,5645
7313,5645
7316,5645
7320,5645
7324,5645
7328,5645
7331,5645
7335,5645
7339,5645
7342,5645
7346,5645
7350,5645
7353,5645
7357,5645
7360,5645
7364,5645
7368,5645
7371,5645
7375,5645
7379,5645
7382,5645
7385,5645
7389,5645
7393,5645
7397,5645
7400,5645
7404,5645
7408,5645
7411,5645
7415,5645
7419,5645
7422,5645
7426,5645
7429,5645
7433,5645
7437,5645
7440,5645
7444,5645
7448,5645
7451,5645
7454,5645
7458,5645
7462,5645
7466,5645
7469,5645
7473,5645
7477,5645
7480,5645
7484,5645
7488,5645
7491,5645
7495,5645
7498,5645
7502,5645
7506,5645
7509,5645
7513,5645
7517,5645
7520,5645
7523,5645
7527,5645
7531,5645
7535,5645
7538,5645
7542,5645
7546,5645
7549,5645
7553,5645
7557,5645
7560,5645
7564,5645
7567,5645
7571,5645
7575,5645
7578,5645
7582,5645
7586,5645
7589,5645
7592,5645
7596,5645
7600,5645
7604,5645
7607,5645
7611,5645
7615,5645
7618,5645
7622,5645
7626,5645
7629,5645
7633,5645
7636,5645
7640,5645
7644,5645
7647,5645
7651,5645
7655,5645
7658,5645
7661,5645
7665,5645
7669,5645
7673,5645
7676,5645
7680,5645
7684,5645
7687,5645
7691,5645
7695,5645
7698,5645
7702,5645
7705,5645
7709,5645
7713,5645
7716,5645
7720,5645
7724,5645
7727,5645
7730,5645
7734,5645
7738,5645
7742,5645
7745,5645
7749,5645
7753,5645
7756,5645
7760,5645
7764,5645
7767,5645
7771,5645
7774,5645
7778,5645
7782,5645
7785,5645
7789,5645
7793,5645
7796,5645
7799,5645
7803,5645
7807,5645
7811,5645
7814,5645
7818,5645
7822,5645
7825,5645
7829,5645
7833,5645
7836,5645
7840,5645
7843,5645
7847,5645
7851,5645
7854,5645
7858,5645
7862,5645
7865,5645
7868,5645
7872,5645
7876,5645
7880,5645
7883,5645
7887,5645
7891,5645
7894,5645
7898,5645
7902,5645
7905,5645
7909,5645
7912,5645
7916,5645
7920,5645
7923,5645
7927,5645
7931,5645
7934,5645
7937,5645
7941,5645
7945,5645
7949,5645
7952,5645
7956,5645
7960,5645
7963,5645
7967,5645
7971,5645
7974,5645
7978,5645
7981,5645
7985,5645
7989,5645
7992,5645
7996,5645
8000,5645
8003,5645
8006,5645
8010,5645
8014,5645
8018,5645
8021,5645
8025,5645
8029,5645
8032,5645
8036,5645
8040,5645
8043,5645
8047,5645
8050,5645
8054,5645
8058,5645
8061,5645
8065,5645
8069,5645
8072,5645
8075,5645
8079,5645
8083,5645
8087,5645
8090,5645
8094,5645
8098,5645
8101,5645
8105,5645
8109,5645
8112,5645
8116,5645
8119,5645
8123,5645
8127,5645
8130,5645
8134,5645
8138,5645
8141,5645
8144,5645
8148,5645
8152,5645
8156,5645
8159,5645
8163,5645
8167,5645
8170,5645
8174,5645
8178,5645
8181,5645
8185,5645
8188,5645
8192,5645
8196,5645
8199,5645
8203,5645
8207,5645
8210,5645
8213,5645
8217,5645
8221,5645
8225,5645
8228,5645
8232,5645
8236,5645
8239,5645
8243,5645
8247,5645
8250,5645
8254,5645
8257,5645
8261,5645
8265,5645
8268,5645
8272,5645
8276,5645
8279,5645
8282,5645
8286,5645
8290,5645
8294,5645
8297,5645
8301,5645
8305,5645
8308,5645
8312,5645
8316,5645
8319,5645
8323,5645
8326,5645
8330,5645
8334,5645
8337,5645
8341,5645
8345,5645
8348,5645
8351,5645
8355,5645
8359,5645
8363,5645
8366,5645
8370,5645
8374,5645
8377,5645
8381,5645
8385,5645
8388,5645
8392,5645
8395,5645
8399,5645
8403,5645
8406,5645
8410,5645
8414,5645
8417,5645
8420,5645
8424,5645
8428,5645
8432,5645
8435,5645
8439,5645
8443,5645
8446,5645
8450,5645
8454,5645
8457,5645
8461,5645
8464,5645
8468,5645
8472,5645
8475,5645
8479,5645
8483,5645
8486,5645
8489,5645
8493,5645
8497,5645
8501,5645
8504,5645
8508,5645
8512,5645
8515,5645
8519,5645
8523,5645
8526,5645
8530,5645
8533,5645
8537,5645
8541,5645
8544,5645
8548,5645
8552,5645
8555,5645
8558,5645
8562,5645
8566,5645
8570,5645
8573,5645
8577,5645
8581,5645
8584,5645
8588,5645
8592,5645
8595,5645
8599,5645
8602,5645
8606,5645
8610,5645
8613,5645
8617,5645
8621,5645
8624,5645
8627,5645
8631,5645
8635,5645
8639,5645
8642,5645
8646,5645
8650,5645
8653,5645
8657,5645
8661,5645
8664,5645
8668,5645
8671,5645
8675,5645
8679,5645
8682,5645
8686,5645
8690,5645
8693,5645
8696,5645
8700,5645
8704,5645
8708,5645
8711,5645
8715,5645
8719,5645
8722,5645
8726,5645
8730,5645
8733,5645
8737,5645
8740,5645
8744,5645
8748,5645
8751,5645
8755,5645
8759,5645
8762,5645
8765,5645
8769,5645
8773,5645
8777,5645
8780,5645
8784,5645
8788,5645
8791,5645
8795,5645
8799,5645
8802,5645
8806,5645
8809,5645
8813,5645
8817,5645
8820,5645
8824,5645
8828,5645
8831,5645
8834,5645
8838,5645
8842,5645
8846,5645
8849,5645
8853,5645
8857,5645
8860,5645
8864,5645
8868,5645
8871,5645
8875,5645
8878,5645
8882,5645
8886,5645
8889,5645
8893,5645
8897,5645
8900,5645
8903,5645
8907,5645
8911,5645
8915,5645
8918,5645
8922,5645
8926,5645
8929,5645
8933,5645
8937,5645
8940,5645
8944,5645
8947,5645
8951,5645
8955,5645
8958,5645
8962,5645
8966,5645
8969,5645
8972,5645
8976,5645
8980,5645
8984,5645
8987,5645
8991,5645
8995,5645
8998,5645
9002,5645
9006,5645
9009,5645
9013,5645
9016,5645
9020,5645
9024,5645
9027,5645
9031,5645
9035,5645
9038,5645
9041,5645
9045,5645
9049,5645
9053,5645
9056,5645
9060,5645
9064,5645
9067,5645
9071,5645
9075,5645
9078,5645
9082,5645
9085,5645
9089,5645
9093,5645
9096,5645
9100,5645
9104,5645
9107,5645
9110,5645
9114,5645
9118,5645
9122,5645
9125,5645
9129,5645
9133,5645
9136,5645
9140,5645
9144,5645
9147,5645
9151,5645
9154,5645
9158,5645
9162,5645
9165,5645
9169,5645
9173,5645
9176,5645
9179,5645
9183,5645
9187,5645
9191,5645
9194,5645
9198,5645
9202,5645
9205,5645
9209,5645
9213,5645
9216,5645
9220,5645
9223,5645
9227,5645
9231,5645
9234,5645
9238,5645
9242,5645
9245,5645
9248,5645
9252,5645
9256,5645
9260,5645
9263,5645
9267,5645
9271,5645
9274,5645
9278,5645
9282,5645
9285,5645
9289,5645
9292,5645
9296,5645
9300,5645
9303,5645
9307,5645
9311,5645
9314,5645
9317,5645
9321,5645
9325,5645
9329,5645
9332,5645
9336,5645
9340,5645
9343,5645
9347,5645
9351,5645
9354,5645
9358,5645
9361,5645
9365,5645
9369,5645
9372,5645
9376,5645
9380,5645
9383,5645
9386,5645
9390,5645
9394,5645
9398,5645
9401,5645
9405,5645
9409,5645
9412,5645
9416,5645
9420,5645
9423,5645
9427,5645
9430,5645
9434,5645
9438,5645
9441,5645
9445,5645
9449,5645
9452,5645
9455,5645
9459,5645
9463,5645
9467,5645
9470,5645
9474,5645
9478,5645
9481,5645
9485,5645
9489,5645
9492,5645
9496,5645
9499,5645
9503,5645
9507,5645
9510,5645
9514,5645
9518,5645
9521,5645
9524,5645
9528,5645
9532,5645
9536,5645
9539,5645
9543,5645
9547,5645
9550,5645
9554,5645
9558,5645
9561,5645
9565,5645
9568,5645
9572,5645
9576,5645
9579,5645
9583,5645
9587,5645
9590,5645
9593,5645
9597,5645
9601,5645
9605,5645
9608,5645
9612,5645
9616,5645
9619,5645
9623,5645
9627,5645
9630,5645
9634,5645
9637,5645
9641,5645
9645,5645
9648,5645
9652,5645
9656,5645
9659,5645
9662,5645
9666,5645
9670,5645
9674,5645
9677,5645
9681,5645
9685,5645
9688,5645
9692,5645
9696,5645
9699,5645
9703,5645
9706,5645
9710,5645
9714,5645
9717,5645
9721,5645
9725,5645
9728,5645
9731,5645
9735,5645
9739,5645
9743,5645
9746,5645
9750,5645
9754,5645
9757,5645
9761,5645
9765,5645
9768,5645
9772,5645
9775,5645
9779,5645
9783,5645
9786,5645
9790,5645
9794,5645
9797,5645
9800,5645
9804,5645
9808,5645
9812,5645
9815,5645
9819,5645
9823,5645
9826,5645
9830,5645
9834,5645
9837,5645
9841,5645
9844,5645
9848,5645
9852,5645
9855,5645
9859,5645
9863,5645
9866,5645
9869,5645
9873,5645
9877,5645
9881,5645
9884,5645
9888,5645
9892,5645
9895,5645
9899,5645
9903,5645
9906,5645
9910,5645
9913,5645
9917,5645
9921,5645
9924,5645
9928,5645
9932,5645
9935,5645
9938,5645
9942,5645
9946,5645
9950,5645
9953,5645
9957,5645
9961,5645
9964,5645
9968,5645
9972,5645
9975,5645
9979,5645
9982,5645
9986,5645
9990,5645
9993,5645
9997,5645
10001,5645
10004,5645
10008,5645
10013,5645
10017,5645
10020,5645
10024,5645
10028,5645
10033,5645
10036,5645
10041,5645
10045,5645
10049,5645
10053,5645
10056,5645
10061,5645
10065,5645
10068,5645
10073,5645
10076,5645
10080,5645
10085,5645
10088,5645
10092,5645
10096,5645
10100,5645
10105,5645
10109,5645
10112,5645
10116,5645
10120,5645
10125,5645
10128,5645
10133,5645
10137,5645
10141,5645
10145,5645
10148,5645
10153,5645
10157,5645
10160,5645
10165,5645
10168,5645
10172,5645
10177,5645
10180,5645
10184,5645
10188,5645
10192,5645
10197,5645
10201,5645
10204,5645
10208,5645
10212,5645
10217,5645
10220,5645
10225,5645
10229,5645
10233,5645
10237,5645
10240,5645
10245,5645
10249,5645
10252,5645
10257,5645
10260,5645
10264,5645
10269,5645
10272,5645
10276,5645
10280,5645
10284,5645
10289,5645
10293,5645
10296,5645
10300,5645
10304,5645
10309,5645
10312,5645
10317,5645
10321,5645
10325,5645
10329,5645
10332,5645
10337,5645
10341,5645
10344,5645
10349,5645
10352,5645
10356,5645
10361,5645
10364,5645
10368,5645
10372,5645
10376,5645
10381,5645
10385,5645
10388,5645
10392,5645
10396,5645
10401,5645
10404,5645
10409,5645
10413,5645
10417,5645
10421,5645
10424,5645
10429,5645
10433,5645
10436,5645
10441,5645
10444,5645
10448,5645
10453,5645
10456,5645
10460,5645
10464,5645
10468,5645
10473,5645
10477,5645
10480,5645
10484,5645
10488,5645
10493,5645
10496,5645
10501,5645
10505,5645
10509,5645
10513,5645
10516,5645
10521,5645
10525,5645
10528,5645
10533,5645
10536,5645
10540,5645
10545,5645
10548,5645
10552,5645
10556,5645
10560,5645
10565,5645
10569,5645
10572,5645
10576,5645
10580,5645
10585,5645
10588,5645
10593,5645
10597,5645
10601,5645
10605,5645
10608,5645
10613,5645
10617,5645
10620,5645
10625,5645
10628,5645
10632,5645
10637,5645
10640,5645
10644,5645
10648,5645
10652,5645
10657,5645
10661,5645
10664,5645
10668,5645
10672,5645
10677,5645
10680,5645
10685,5645
10689,5645
10693,5645
10697,5645
10700,5645
10705,5645
10709,5645
10712,5645
10717,5645
10720,5645
10724,5645
10729,5645
10732,5645
10736,5645
10740,5645
10744,5645
10749,5645
10753,5645
10756,5645
10760,5645
10764,5645
10769,5645
10772,5645
10777,5645
10781,5645
10785,5645
10789,5645
10792,5645
10797,5645
10801,5645
10804,5645
10809,5645
10812,5645
10816,5645
10821,5645
10824,5645
10828,5645
10832,5645
10836,5645
10841,5645
10845,5645
10848,5645
10852,5645
10856,5645
10861,5645
10864,5645
10869,5645
10873,5645
10877,5645
10881,5645
10884,5645
10889,5645
10893,5645
10896,5645
10901,5645
10904,5645
10908,5645
10913,5645
10916,5645
10920,5645
10924,5645
10928,5645
10933,5645
10937,5645
10940,5645
10944,5645
10948,5645
10953,5645
10956,5645
10961,5645
10965,5645
10969,5645
10973,5645
10976,5645
10981,5645
10985,5645
10988,5645
10993,5645
10996,5645
11000,5645
11005,5645
11008,5645
11012,5645
11016,5645
11020,5645
11025,5645
11029,5645
11032,5645
11036,5645
11040,5645
11045,5645
11048,5645
11053,5645
11057,5645
11061,5645
11065,5645
11068,5645
11073,5645
11077,5645
11080,5645
11085,5645
11088,5645
11092,5645
11097,5645
11100,5645
11104,5645
11108,5645
11112,5645
11117,5645
11121,5645
11124,5645
11128,5645
11132,5645
11137,5645
11140,5645
11145,5645
11149,5645
11153,5645
11157,5645
11160,5645
11165,5645
11169,5645
11172,5645
11177,5645
11180,5645
11184,5645
11189,5645
11192,5645
11196,5645
11200,5645
11204,5645
11209,5645
11213,5645
11216,5645
11220,5645
11224,5645
11229,5645
11232,5645
11237,5645
11241,5645
11245,5645
11249,5645
11252,5645
11257,5645
11261,5645
11264,5645
11269,5645
11272,5645
11276,5645
11281,5645
11284,5645
11288,5645
11292,5645
11296,5645
11301,5645
11305,5645
11308,5645
11312,5645
11316,5645
11321,5645
11324,5645
11329,5645
11333,5645
11337,5645
11341,5645
11344,5645
11349,5645
11353,5645
11356,5645
11361,5645
11364,5645
11368,5645
11373,5645
11376,5645
11380,5645
11384,5645
11388,5645
11393,5645
11397,5645
11400,5645
11404,5645
11408,5645
11413,5645
11416,5645
11421,5645
11425,5645
11429,5645
11433,5645
11436,5645
11441,5645
11445,5645
11448,5645
11453,5645
11456,5645
11460,5645
11465,5645
11468,5645
11472,5645
11476,5645
11480,5645
11485,5645
11489,5645
11492,5645
11496,5645
11500,5645
11505,5645
11508,5645
11513,5645
11517,5645
11521,5645
11525,5645
11528,5645
11533,5645
11537,5645
11540,5645
11545,5645
11548,5645
11552,5645
11557,5645
11560,5645
11564,5645
11568,5645
11572,5645
11577,5645
11581,5645
11584,5645
11588,5645
11592,5645
11597,5645
11600,5645
11605,5645
11609,5645
11613,5645
11617,5645
11620,5645
11625,5645
11629,5645
11632,5645
11637,5645
11640,5645
11644,5645
11649,5645
11652,5645
11656,5645
11660,5645
11664,5645
11669,5645
11673,5645
11676,5645
11680,5645
11684,5645
11689,5645
11692,5645
11697,5645
11701,5645
11705,5645
11709,5645
11712,5645
11717,5645
11721,5645
11724,5645
11729,5645
11732,5645
11736,5645
11741,5645
11744,5645
11748,5645
11752,5645
11756,5645
11761,5645
11765,5645
11768,5645
11772,5645
11776,5645
11781,5645
11784,5645
11789,5645
11793,5645
11797,5645
11801,5645
11804,5645
11809,5645
11813,5645
11816,5645
11821,5645
11824,5645
11828,5645
11833,5645
11836,5645
11840,5645
11844,5645
11848,5645
11853,5645
11857,5645
11860,5645
11864,5645
11868,5645
11873,5645
11876,5645
11881,5645
11885,5645
11889,5645
11893,5645
11896,5645
11901,5645
11905,5645
11908,5645
11913,5645
11916,5645
11920,5645
11925,5645
11928,5645
11932,5645
11936,5645
11940,5645
11945,5645
11949,5645
11952,5645
11956,5645
11960,5645
11965,5645
11968,5645
11973,5645
11977,5645
11981,5645
11985,5645
11988,5645
11993,5645
11997,5645
12000,5645
12005,5645
12008,5645
12012,5645
12017,5645
12020,5645
12024,5645
12028,5645
12032,5645
12037,5645
12041,5645
12044,5645
12048,5645
12052,5645
12057,5645
12060,5645
12065,5645
12069,5645
12073,5645
12077,5645
12080,5645
12085,5645
12089,5645
12092,5645
12097,5645
12100,5645
12104,5645
12109,5645
12112,5645
12116,5645
12120,5645
12124,5645
12129,5645
12133,5645
12136,5645
12140,5645
12144,5645
12149,5645
12152,5645
12157,5645
12161,5645
12165,5645
12169,5645
12172,5645
12177,5645
12181,5645
12184,5645
12189,5645
12192,5645
12196,5645
12201,5645
12204,5645
12208,5645
12212,5645
12216,5645
12221,5645
12225,5645
12228,5645
12232,5645
12236,5645
12241,5645
12244,5645
12249,5645
12253,5645
12257,5645
12261,5645
12264,5645
12269,5645
12273,5645
12276,5645
12281,5645
12284,5645
12288,5645
12293,5645
12296,5645
12300,5645
12304,5645
12308,5645
12313,5645
12317,5645
12320,5645
12324,5645
12328,5645
12333,5645
12336,5645
12341,5645
12345,5645
12349,5645
12353,5645
12356,5645
12361,5645
12365,5645
12368,5645
12373,5645
12376,5645
12380,5645
12385,5645
12388,5645
12392,5645
12396,5645
12400,5645
12405,5645
12409,5645
12412,5645
12416,5645
12420,5645
12425,5645
12428,5645
12433,5645
12437,5645
12441,5645
12445,5645
12448,5645
12453,5645
12457,5645
12460,5645
12465,5645
12468,5645
12472,5645
12477,5645
12480,5645
12484,5645
12488,5645
12492,5645
12497,5645
12501,5645
12504,5645
12508,5645
12512,5645
12517,5645
12520,5645
12525,5645
12529,5645
12533,5645
12537,5645
12540,5645
12545,5645
12549,5645
12552,5645
12557,5645
12560,5645
12564,5645
12569,5645
12572,5645
12576,5645
12580,5645
12584,5645
12589,5645
12593,5645
12596,5645
12600,5645
12604,5645
12609,5645
12612,5645
12617,5645
12621,5645
12625,5645
12629,5645
12632,5645
12637,5645
12641,5645
12644,5645
12649,5645
12652,5645
12656,5645
12661,5645
12664,5645
12668,5645
12672,5645
12676,5645
12681,5645
12685,5645
12688,5645
12692,5645
12696,5645
12701,5645
12704,5645
12709,5645
12713,5645
12717,5645
12721,5645
12724,5645
12729,5645
12733,5645
12736,5645
12741,5645
12744,5645
12748,5645
12753,5645
12756,5645
12760,5645
12764,5645
12768,5645
12773,5645
12777,5645
12780,5645
12784,5645
12788,5645
12793,5645
12796,5645
12801,5645
12805,5645
12809,5645
12813,5645
12816,5645
12821,5645
12825,5645
12828,5645
12833,5645
12836,5645
12840,5645
12845,5645
12848,5645
12852,5645
12856,5645
12860,5645
12865,5645
12869,5645
12872,5645
12876,5645
12880,5645
12885,5645
12888,5645
12893,5645
12897,5645
12901,5645
12905,5645
12908,5645
12913,5645
12917,5645
12920,5645
12925,5645
12928,5645
12932,5645
12937,5645
12940,5645
12944,5645
12948,5645
12952,5645
12957,5645
12961,5645
12964,5645
12968,5645
12972,5645
12977,5645
12980,5645
12985,5645
12989,5645
12993,5645
12997,5645
13000,5645
13005,5645
13009,5645
13012,5645
13017,5645
13020,5645
13024,5645
13029,5645
13032,5645
13036,5645
13040,5645
13044,5645
13049,5645
13053,5645
13056,5645
13060,5645
13064,5645
13069,5645
13072,5645
13077,5645
13081,5645
13085,5645
13089,5645
13092,5645
13097,5645
13101,5645
13104,5645
13109,5645
13112,5645
13116,5645
13121,5645
13124,5645
13128,5645
13132,5645
13136,5645
13141,5645
13145,5645
13148,5645
13152,5645
13156,5645
13161,5645
13164,5645
13169,5645
13173,5645
13177,5645
13181,5645
13184,5645
13189,5645
13193,5645
13196,5645
13201,5645
13204,5645
13208,5645
13213,5645
13216,5645
13220,5645
13224,5645
13228,5645
13233,5645
13237,5645
13240,5645
13244,5645
13248,5645
13253,5645
13256,5645
13261,5645
13265,5645
13269,5645
13273,5645
13276,5645
13281,5645
13285,5645
13288,5645
13293,5645
13296,5645
13300,5645
13305,5645
13308,5645
13312,5645
13316,5645
13320,5645
13325,5645
13329,5645
13332,5645
13336,5645
13340,5645
13345,5645
13348,5645
13353,5645
13357,5645
13361,5645
13365,5645
13368,5645
13373,5645
13377,5645
13380,5645
13385,5645
13388,5645
13392,5645
13397,5645
13400,5645
13404,5645
13408,5645
13412,5645
13417,5645
13421,5645
13424,5645
13428,5645
13432,5645
13437,5645
13440,5645
13445,5645
13449,5645
13453,5645
13457,5645
13460,5645
13465,5645
13469,5645
13472,5645
13477,5645
13480,5645
13484,5645
13489,5645
13492,5645
13496,5645
13500,5645
13504,5645
13509,5645
13513,5645
13516,5645
13520,5645
13524,5645
13529,5645
13532,5645
13537,5645
13541,5645
13545,5645
13549,5645
13552,5645
13557,5645
13561,5645
13564,5645
13569,5645
13572,5645
13576,5645
13581,5645
13584,5645
13588,5645
13592,5645
13596,5645
13601,5645
13605,5645
13608,5645
13612,5645
13616,5645
13621,5645
13624,5645
13629,5645
13633,5645
13637,5645
13641,5645
13644,5645
13649,5645
13653,5645
13656,5645
13661,5645
13664,5645
13668,5645
13673,5645
13676,5645
13680,5645
13684,5645
13688,5645
13693,5645
13697,5645
13700,5645
13704,5645
13708,5645
13713,5645
13716,5645
13721,5645
13725,5645
13729,5645
13733,5645
13736,5645
13741,5645
13745,5645
13748,5645
13753,5645
13756,5645
13760,5645
13765,5645
13768,5645
13772,5645
13776,5645
13780,5645
13785,5645
13789,5645
13792,5645
13796,5645
13800,5645
13805,5645
13808,5645
13813,5645
13817,5645
13821,5645
13825,5645
13828,5645
13833,5645
13837,5645
13840,5645
13845,5645
13848,5645
13852,5645
13857,5645
13860,5645
13864,5645
13868,5645
13872,5645
13877,5645
13881,5645
13884,5645
13888,5645
13892,5645
13897,5645
13900,5645
13905,5645
13909,5645
13913,5645
13917,5645
13920,5645
13925,5645
13929,5645
13932,5645
13937,5645
13940,5645
13944,5645
13949,5645
13952,5645
13956,5645
13960,5645
13964,5645
13969,5645
13973,5645
13976,5645
13980,5645
13984,5645
13989,5645
13992,5645
13997,5645
14001,5645
14005,5645
14009,5645
14012,5645
14017,5645
14021,5645
14024,5645
14029,5645
14032,5645
14036,5645
14041,5645
14044,5645
14048,5645
14052,5645
14056,5645
14061,5645
14065,5645
14068,5645
14072,5645
14076,5645
14081,5645
14084,5645
14089,5645
14093,5645
14097,5645
14101,5645
14104,5645
14109,5645
14113,5645
14116,5645
14121,5645
14124,5645
14128,5645
14133,5645
14136,5645
14140,5645
14144,5645
14148,5645
14153,5645
14157,5645
14160,5645
14164,5645
14168,5645
14173,5645
14176,5645
14181,5645
14185,5645
14189,5645
14193,5645
14196,5645
14201,5645
14205,5645
14208,5645
14213,5645
14216,5645
14220,5645
14225,5645
14228,5645
14232,5645
14236,5645
14240,5645
14245,5645
14249,5645
14252,5645
14256,5645
14260,5645
14265,5645
14268,5645
14273,5645
14277,5645
14281,5645
14285,5645
14288,5645
14293,5645
14297,5645
14300,5645
14305,5645
14308,5645
14312,5645
14317,5645
14320,5645
14324,5645
14328,5645
14332,5645
14337,5645
14341,5645
14344,5645
14348,5645
14352,5645
14357,5645
14360,5645
14365,5645
14369,5645
14373,5645
14377,5645
14380,5645
14385,5645
14389,5645
14392,5645
14397,5645
14400,5645
14404,5645
14409,5645
14412,5645
14416,5645
14420,5645
14424,5645
14429,5645
14433,5645
14436,5645
14440,5645
14444,5645
14449,5645
14452,5645
14457,5645
14461,5645
14465,5645
14469,5645
14472,5645
14477,5645
14481,5645
14484,5645
14489,5645
14492,5645
14496,5645
14501,5645
14504,5645
14508,5645
14512,5645
14516,5645
14521,5645
14525,5645
14528,5645
14532,5645
14536,5645
14541,5645
14544,5645
14549,5645
14553,5645
14557,5645
14561,5645
14564,5645
14569,5645
14573,5645
14576,5645
14581,5645
14584,5645
14588,5645
14593,5645
14596,5645
14600,5645
14604,5645
14608,5645
14613,5645
14617,5645
14620,5645
14624,5645
14628,5645
14633,5645
14636,5645
14641,5645
14645,5645
14649,5645
14653,5645
14656,5645
14661,5645
14665,5645
14668,5645
14673,5645
14676,5645
14680,5645
14685,5645
14688,5645
14692,5645
14696,5645
14700,5645
14705,5645
14709,5645
14712,5645
14716,5645
14720,5645
14725,5645
14728,5645
14733,5645
14737,5645
14741,5645
14745,5645
14748,5645
14753,5645
14757,5645
14760,5645
14765,5645
14768,5645
14772,5645
14777,5645
14780,5645
14784,5645
14788,5645
14792,5645
14797,5645
14801,5645
14804,5645
14808,5645
14812,5645
14817,5645
14820,5645
14825,5645
14829,5645
14833,5645
14837,5645
14840,5645
14845,5645
14849,5645
14852,5645
14857,5645
14860,5645
14864,5645
14869,5645
14872,5645
14876,5645
14880,5645
14884,5645
14889,5645
14893,5645
14896,5645
14900,5645
14904,5645
14909,5645
14912,5645
14917,5645
14921,5645
14925,5645
14929,5645
14932,5645
14937,5645
14941,5645
14944,5645
14949,5645
14952,5645
14956,5645
14961,5645
14964,5645
14968,5645
14972,56
